[LEFT_CAM_2K]
fx=1398.22
fy=1398.22
cx=1169.06
cy=632.051
k1=-0.16263298943328147
k2=0.016717847506592196
p1=-0.00010587010011667362
p2=-4.4631920812077487e-05
k3=0.0038123112288234659

[STEREO]
CV_2K=0.00627102
RX_2K=0.00660577
RZ_2K=-0.00102736
CV_FHD=0.00627102
RX_FHD=0.00660577
RZ_FHD=-0.00102736
CV_HD=0.00627102
RX_HD=0.00660577
RZ_HD=-0.00102736
CV_VGA=0.00627102
RX_VGA=0.00660577
RZ_VGA=-0.00102736
Baseline=119.987

[RIGHT_CAM_2K]
fx=1394.57
fy=1394.57
cx=1162.47
cy=654.386
k1=-0.16204991413838879
k2=0.017827728130662329
p1=0.00034848960895036084
p2=0.0002943621013006159
k3=0.0025805644412220563

[LEFT_CAM_FHD]
fx=1398.22
fy=1398.22
cx=1025.06
cy=551.051
k1=-0.16263298943328147
k2=0.016717847506592196
p1=-0.00010587010011667362
p2=-4.4631920812077487e-05
k3=0.0038123112288234659

[RIGHT_CAM_FHD]
fx=1394.57
fy=1394.57
cx=1018.47
cy=573.386
k1=-0.16204991413838879
k2=0.017827728130662329
p1=0.00034848960895036084
p2=0.0002943621013006159
k3=0.0025805644412220563

[LEFT_CAM_HD]
fx=699.11
fy=699.11
cx=671.028
cy=364.025
k1=-0.16263298943328147
k2=0.016717847506592196
p1=-0.00010587010011667362
p2=-4.4631920812077487e-05
k3=0.0038123112288234659

[RIGHT_CAM_HD]
fx=697.286
fy=697.286
cx=667.735
cy=375.193
k1=-0.16204991413838879
k2=0.017827728130662329
p1=0.00034848960895036084
p2=0.0002943621013006159
k3=0.0025805644412220563

[LEFT_CAM_VGA]
fx=349.555
fy=349.555
cx=351.014
cy=189.513
k1=-0.16263298943328147
k2=0.016717847506592196
p1=-0.00010587010011667362
p2=-4.4631920812077487e-05
k3=0.0038123112288234659

[RIGHT_CAM_VGA]
fx=348.643
fy=348.643
cx=349.367
cy=195.097
k1=-0.16204991413838879
k2=0.017827728130662329
p1=0.00034848960895036084
p2=0.0002943621013006159
k3=0.0025805644412220563
